Gina - TIM-Datei
#TIME_STEPPING
  $PCS_TYPE
    DEFORMATION_FLOW
  $TIME_STEPS
  4 0.05
  1 0.075
  1 0.1125
  1 0.16875
  1 0.253125
  1 0.3796875
  1 0.56953125
  1 0.854296875
  1 1.2814453125
  1 1.92216796875
  1 2.883251953125
  1 4.3248779296875
  1 6.48731689453125
  1 2.98804931640625
  2 0.5
  1 0.75
  1 1.125
  1 1.6875
  1 2.53125
  1 3.796875
  1 5.6953125
  1 8.54296875
  1 12.814453125
  1 19.2216796875
  1 19.8349609375
  2 0.5
  1 0.75
  1 1.125
  1 1.6875
  1 2.53125
  1 3.796875
  1 5.6953125
  1 8.54296875
  1 12.814453125
  1 19.056640625
  2 0.5
  1 0.75
  1 1.125
  1 1.6875
  1 2.53125
  1 3.796875
  1 5.6953125
  1 8.54296875
  1 12.814453125
  1 18.056640625
  2 0.5
  1 0.75
  1 1.125
  1 1.6875
  1 2.53125
  1 3.796875
  1 5.6953125
  1 8.54296875
  1 12.814453125
  1 16.056640625
  2 0.5
  1 0.75
  1 1.125
  1 1.6875
  1 2.53125
  1 3.796875
  1 5.6953125
  1 8.54296875
  1 12.814453125
  1 12.056640625
  2 0.5
  1 0.75
  1 1.125
  1 1.6875
  1 2.53125
  1 3.796875
  1 5.6953125
  1 8.54296875
  1 12.814453125
  1 19.2216796875
  1 28.83251953125
  1 17.00244140625
  20 0.5
  1 0.525
  1 0.55125
  1 0.5788125
  1 0.607753125
  1 0.63814078125
  1 0.6700478203125
  1 0.703550211328125
  1 0.738727721894532
  1 0.775664107989258
  1 0.814447313388721
  1 0.855169679058157
  1 0.897928163011065
  1 0.942824571161618
  1 0.989965799719699
  1 1.03946408970568
  1 1.09143729419097
  1 1.14600915890052
  1 1.20330961684554
  1 1.26347509768782
  1 1.32664885257221
  1 1.39298129520082
  1 1.46263035996086
  1 1.53576187795891
  1 1.61254997185685
  1 1.69317747044969
  1 1.77783634397218
  1 1.86672816117079
  1 1.96006456922933
  1 2.05806779769079
  1 2.16097118757533
  1 2.2690197469541
  1 2.38247073430181
  1 2.5015942710169
  1 2.62667398456774
  1 2.75800768379613
  1 2.89590806798594
  1 3.04070347138523
  1 3.19273864495449
  1 3.35237557720222
  1 3.51999435606233
  1 3.69599407386545
  1 3.88079377755872
  1 4.07483346643666
  1 4.27857513975849
  1 4.49250389674641
  1 4.71712909158373
  1 4.95298554616292
  1 5.20063482347107
  1 5.46066656464462
  1 5.73369989287685
  1 6.0203848875207
  1 4.57191736206539
  2 0.5
  1 0.75
  1 1.125
  1 1.6875
  1 2.53125
  1 3.796875
  1 5.6953125
  1 8.54296875
  1 12.814453125
  1 19.2216796875
  1 28.83251953125
  1 43.248779296875
  1 64.8731689453125
  1 55.8804931640625
  $TIME_END
   150000000
  $TIME_START
   0.0
#STOP

#TIME_STEPPING
  $PCS_TYPE
  LIQUID_FLOW 
  $TIME_STEPS
3000 0.05
  $TIME_END
  150000000
  $TIME_START
  0.0 


  0.0

 5 4.0
 2 1.
 5 15
 2 1.
 5 11.
 2 1.
 2 27
 2 1.
 2 26.
 2 1.
 2 24
 2 1.5
 2 50.
 2 1.
 2 15.5
 2 1.
 1 9.
 4 30.
 5 45.0
 6 1550.

#TIME_STEPPING
  $PCS_TYPE
  DEFORMATION
  $TIME_STEPS
  20 50  
  $TIME_END
  1000
  $TIME_START
  0.0
